geometr

выборка: [ 4  3  3  4  5  2  6  4  2  1  6  1  3 19  7  8  1  4  4  2  2  4  8  7
  8  1  1 13  5  4  2  1  4  9  4  2  4  7  2  7  8  3  1  6 12  6  1  5
  2  5  8  8  4  9  1  2  2  4  7  3  2  1  1  4  6  3  3  6  7  5  5  1
  2 11  2  5 12  6  8  2  6  5  3  2  4  2  4  5  5  5 13 26  8  1  2  3
 12  2  4  3  1  3  6  2  5  7  4  2  3  3  4  1  6  8  8  5 13  5  6  7
  2  1  4  1  9 15 12 12 10  1  5  3  5  3  9  5  4  2  7  3  1  6  3  1
  2  1  1  1 16  2]

упорядоченная: [1, 1, 1, 1, 1, 1, 1, 1, 1, 1, 1, 1, 1, 1, 1, 1, 1, 1, 1, 1, 1, 1, 1, 2, 2, 2, 2, 2, 2, 2, 2, 2, 2, 2, 2, 2, 2, 2, 2, 2, 2, 2, 2, 2, 2, 2, 2, 3, 3, 3, 3, 3, 3, 3, 3, 3, 3, 3, 3, 3, 3, 3, 3, 3, 4, 4, 4, 4, 4, 4, 4, 4, 4, 4, 4, 4, 4, 4, 4, 4, 4, 4, 4, 4, 5, 5, 5, 5, 5, 5, 5, 5, 5, 5, 5, 5, 5, 5, 5, 5, 5, 6, 6, 6, 6, 6, 6, 6, 6, 6, 6, 6, 6, 7, 7, 7, 7, 7, 7, 7, 7, 7, 8, 8, 8, 8, 8, 8, 8, 8, 8, 8, 9, 9, 9, 9, 10, 11, 12, 12, 12, 12, 12, 13, 13, 13, 15, 16, 19, 26]

эмпирическая функция распределения: [0.0, 0.0, 0.15333333333333332, 0.31333333333333335, 0.4266666666666667, 0.56, 0.6733333333333333, 0.7533333333333333, 0.8133333333333332, 0.8799999999999999, 0.9066666666666665, 0.9133333333333332, 0.9199999999999999, 0.9533333333333333, 0.9733333333333333, 0.9733333333333333, 0.98, 0.9866666666666667, 0.9866666666666667, 0.9866666666666667, 0.9933333333333334, 0.9933333333333334, 0.9933333333333334, 0.9933333333333334, 0.9933333333333334, 0.9933333333333334, 0.9933333333333334, 1.0, 1.0]

статистический ряд: {1: (23, 0.15333333333333332), 2: (24, 0.16), 3: (17, 0.11333333333333333), 4: (20, 0.13333333333333333), 5: (17, 0.11333333333333333), 6: (12, 0.08), 7: (9, 0.06), 8: (10, 0.06666666666666667), 9: (4, 0.02666666666666667), 10: (1, 0.006666666666666667), 11: (1, 0.006666666666666667), 12: (5, 0.03333333333333333), 13: (3, 0.02), 15: (1, 0.006666666666666667), 16: (1, 0.006666666666666667), 19: (1, 0.006666666666666667), 26: (1, 0.006666666666666667)}

теор. среднее: 5.2631578947368425 <=> среднее: 4.893333333333333

теор. дисперсия: 22.437673130193907 <=> дисперсия: 14.85528888888889

теор. ассиметрия: 2.011111111111111 <=> ассиметрия: 1.9765277069273903

теор. эксцесс: 6.0445679012345686 <=> эксцесс: 6.091812107487284

теор. среднее квадратичное отклонение: 4.736842105263158 <=> среднее квадратичное отклонение: 3.8542559449119214

теор. медиана: 4.0 <=> медиана: 4.0

теор. мода: 2.0 <=> мода: 2.0

pmf: [0.03666666666666668, 0.006099999999999994, 0.011325666666666692, 0.032359543333333324, 0.03154456343333331, 0.013751096380999986, 0.006338388068609979, 0.023200761002240743, 0.008540716921518327, 0.021851314039763182, 0.016432897705541512, 0.014622686191844706, 0.004844375815394212, 0.003276938360853192, 0.0013876534056244194, 0.002386270753128219, 0.005687449377275844]

ex_pmf [0.0, 0.15333333333333332, 0.31333333333333335, 0.4266666666666667, 0.56, 0.6733333333333333, 0.7533333333333333, 0.8133333333333332, 0.8799999999999999, 0.9066666666666665, 0.9133333333333332, 0.9199999999999999, 0.9533333333333333, 0.9733333333333333, 0.9733333333333333, 0.98, 0.9866666666666667, 0.9866666666666667, 0.9866666666666667, 0.9933333333333334, 0.9933333333333334, 0.9933333333333334, 0.9933333333333334, 0.9933333333333334, 0.9933333333333334, 0.9933333333333334, 1.0]

<==================================================>

puasson

выборка: [0 0 3 0 2 1 1 1 0 3 2 0 2 0 3 1 1 3 2 2 2 0 3 1 2 1 0 0 1 3 1 0 1 1 0 0 0
 2 2 4 2 1 1 4 2 6 0 1 1 6 1 1 3 1 1 0 4 3 1 1 0 1 1 1 1 1 4 0 0 3 2 1 0 3
 1 0 1 1 0 0 2 1 1 0 2 3 1 6 2 1 1 2 1 2 0 2 2 3 2 1 1 1 1 0 0 0 0 1 1 2 0
 1 1 2 1 0 5 1 4 1 2 0 3 0 1 2 1 2 1 3 2 1 0 1 1 0 0 3 2 2 0 2 1 0 2 2 1 1
 0 0]

упорядоченная: [0, 0, 0, 0, 0, 0, 0, 0, 0, 0, 0, 0, 0, 0, 0, 0, 0, 0, 0, 0, 0, 0, 0, 0, 0, 0, 0, 0, 0, 0, 0, 0, 0, 0, 0, 0, 0, 0, 0, 1, 1, 1, 1, 1, 1, 1, 1, 1, 1, 1, 1, 1, 1, 1, 1, 1, 1, 1, 1, 1, 1, 1, 1, 1, 1, 1, 1, 1, 1, 1, 1, 1, 1, 1, 1, 1, 1, 1, 1, 1, 1, 1, 1, 1, 1, 1, 1, 1, 1, 1, 1, 1, 1, 1, 1, 2, 2, 2, 2, 2, 2, 2, 2, 2, 2, 2, 2, 2, 2, 2, 2, 2, 2, 2, 2, 2, 2, 2, 2, 2, 2, 2, 2, 2, 2, 2, 3, 3, 3, 3, 3, 3, 3, 3, 3, 3, 3, 3, 3, 3, 3, 4, 4, 4, 4, 4, 5, 6, 6, 6]

эмпирическая функция распределения: [0.0, 0.26, 0.6333333333333333, 0.84, 0.94, 0.9733333333333333, 0.98, 1.0, 1.0]

статистический ряд: {0: (39, 0.26), 1: (56, 0.37333333333333335), 2: (31, 0.20666666666666667), 3: (15, 0.1), 4: (5, 0.03333333333333333), 5: (1, 0.006666666666666667), 6: (3, 0.02)}

теор. среднее: 1.33 <=> среднее: 1.3733333333333335

теор. дисперсия: 1.33 <=> дисперсия: 1.6339555555555558

теор. ассиметрия: 0.86710996952412 <=> ассиметрия: 1.2885364492375038

теор. эксцесс: 0.7518796992481203 <=> эксцесс: 2.082204139259524

теор. среднее квадратичное отклонение: 1.1532562594670797 <=> среднее квадратичное отклонение: 1.278262709913559

теор. медиана: 1.0 <=> медиана: 1.0

теор. мода: 1.0 <=> мода: 1.0

pmf: [0.004477261299823954, 0.021578575804567512, 0.02725024708996268, 0.003703165098772346, 0.0011479690620084665, 0.0025053597704942547, 0.017966867473095997]

ex_pmf [0.26, 0.6333333333333333, 0.84, 0.94, 0.9733333333333333, 0.98, 1.0]

<==================================================>

binomial

выборка: [3 4 1 2 3 5 4 2 2 1 4 0 1 4 4 3 0 1 3 4 3 4 2 1 3 1 3 2 2 4 3 3 0 3 0 1 2
 2 1 3 5 1 1 1 1 4 5 3 1 0 2 5 0 1 2 2 2 2 1 4 2 1 3 2 3 3 3 2 1 4 3 3 4 1
 3 4 1 0 3 2 2 4 3 3 2 2 4 3 4 5 2 2 5 1 2 2 2 1 2 5 2 4 3 6 2 1 3 4 3 3 5
 2 0 3 3 2 4 1 3 2 5 2 1 4 1 3 3 1 4 2 1 0 1 2 2 6 4 3 4 6 4 6 4 2 2 2 2 1
 1 6]

упорядоченная: [0, 0, 0, 0, 0, 0, 0, 0, 0, 1, 1, 1, 1, 1, 1, 1, 1, 1, 1, 1, 1, 1, 1, 1, 1, 1, 1, 1, 1, 1, 1, 1, 1, 1, 1, 1, 1, 1, 1, 2, 2, 2, 2, 2, 2, 2, 2, 2, 2, 2, 2, 2, 2, 2, 2, 2, 2, 2, 2, 2, 2, 2, 2, 2, 2, 2, 2, 2, 2, 2, 2, 2, 2, 2, 2, 2, 2, 2, 3, 3, 3, 3, 3, 3, 3, 3, 3, 3, 3, 3, 3, 3, 3, 3, 3, 3, 3, 3, 3, 3, 3, 3, 3, 3, 3, 3, 3, 3, 3, 3, 3, 4, 4, 4, 4, 4, 4, 4, 4, 4, 4, 4, 4, 4, 4, 4, 4, 4, 4, 4, 4, 4, 4, 4, 4, 4, 5, 5, 5, 5, 5, 5, 5, 5, 5, 6, 6, 6, 6, 6]

эмпирическая функция распределения: [0.06, 0.26, 0.52, 0.74, 0.9066666666666666, 0.9666666666666666, 0.9999999999999999]

статистический ряд: {0: (9, 0.06), 1: (30, 0.2), 2: (39, 0.26), 3: (33, 0.22), 4: (25, 0.16666666666666666), 5: (9, 0.06), 6: (5, 0.03333333333333333)}

теор. среднее: 2.66 <=> среднее: 2.5466666666666664

теор. дисперсия: 2.1546000000000003 <=> дисперсия: 2.1011555555555557

теор. ассиметрия: 0.4223848783118654 <=> ассиметрия: 0.33404564622800503

теор. эксцесс: 0.03555184256938637 <=> эксцесс: -0.4272180923703668

теор. среднее квадратичное отклонение: 1.4678555787270082 <=> среднее квадратичное отклонение: 1.4495363243311827

теор. медиана: 3.0 <=> медиана: 2.0

теор. мода: 2.0 <=> мода: 2.0

pmf: [0.007665236697263926, 0.02813522174656985, 0.0020407421518351954, 0.025865387698017384, 0.008068314725661857, 0.01440416510812588, 0.0071540900545483364]

ex_pmf [0.06, 0.26, 0.52, 0.74, 0.9066666666666666, 0.9666666666666666, 0.9999999999999999]

<==================================================>

