geometr

выборка: [ 4  3  3  4  5  2  6  4  2  1  6  1  3 19  7  8  1  4  4  2  2  4  8  7
  8  1  1 13  5  4  2  1  4  9  4  2  4  7  2  7  8  3  1  6 12  6  1  5
  2  5  8  8  4  9  1  2  2  4  7  3  2  1  1  4  6  3  3  6  7  5  5  1
  2 11  2  5 12  6  8  2  6  5  3  2  4  2  4  5  5  5 13 26  8  1  2  3
 12  2  4  3  1  3  6  2  5  7  4  2  3  3  4  1  6  8  8  5 13  5  6  7
  2  1  4  1  9 15 12 12 10  1  5  3  5  3  9  5  4  2  7  3  1  6  3  1
  2  1  1  1 16  2]

упорядоченная: [1, 1, 1, 1, 1, 1, 1, 1, 1, 1, 1, 1, 1, 1, 1, 1, 1, 1, 1, 1, 1, 1, 1, 2, 2, 2, 2, 2, 2, 2, 2, 2, 2, 2, 2, 2, 2, 2, 2, 2, 2, 2, 2, 2, 2, 2, 2, 3, 3, 3, 3, 3, 3, 3, 3, 3, 3, 3, 3, 3, 3, 3, 3, 3, 4, 4, 4, 4, 4, 4, 4, 4, 4, 4, 4, 4, 4, 4, 4, 4, 4, 4, 4, 4, 5, 5, 5, 5, 5, 5, 5, 5, 5, 5, 5, 5, 5, 5, 5, 5, 5, 6, 6, 6, 6, 6, 6, 6, 6, 6, 6, 6, 6, 7, 7, 7, 7, 7, 7, 7, 7, 7, 8, 8, 8, 8, 8, 8, 8, 8, 8, 8, 9, 9, 9, 9, 10, 11, 12, 12, 12, 12, 12, 13, 13, 13, 15, 16, 19, 26]

эмпирическая функция распределения: [0.0, 0.0, 0.19, 0.3439, 0.468559, 0.56953279, 0.6513215599, 0.717570463519, 0.77123207545039, 0.8146979811148158, 0.8499053647030008, 0.8784233454094307, 0.9015229097816388, 0.9202335569231275, 0.9353891811077333, 0.9476652366972639, 0.9576088417247838, 0.9656631617970749, 0.9721871610556306, 0.9774716004550609, 0.9817519963685992, 0.9852191170585654, 0.988027484817438, 0.9903022627021247, 0.992144832788721, 0.9936373145588641, 0.9948462247926799, 0.9958254420820707, 1.0]

статистический ряд: {1: (23, 0.15333333333333332), 2: (24, 0.16), 3: (17, 0.11333333333333333), 4: (20, 0.13333333333333333), 5: (17, 0.11333333333333333), 6: (12, 0.08), 7: (9, 0.06), 8: (10, 0.06666666666666667), 9: (4, 0.02666666666666667), 10: (1, 0.006666666666666667), 11: (1, 0.006666666666666667), 12: (5, 0.03333333333333333), 13: (3, 0.02), 15: (1, 0.006666666666666667), 16: (1, 0.006666666666666667), 19: (1, 0.006666666666666667), 26: (1, 0.006666666666666667)}

среднее: 5.2631578947368425

дисперсия: 22.437673130193907

ассиметрия: 2.011111111111111

эксцесс: 6.0445679012345686

среднее квадратичное отклонение: 4.736842105263158

медиана: 4.0

мода: 2.0

<==================================================>

puasson

выборка: [0 0 3 0 2 1 1 1 0 3 2 0 2 0 3 1 1 3 2 2 2 0 3 1 2 1 0 0 1 3 1 0 1 1 0 0 0
 2 2 4 2 1 1 4 2 6 0 1 1 6 1 1 3 1 1 0 4 3 1 1 0 1 1 1 1 1 4 0 0 3 2 1 0 3
 1 0 1 1 0 0 2 1 1 0 2 3 1 6 2 1 1 2 1 2 0 2 2 3 2 1 1 1 1 0 0 0 0 1 1 2 0
 1 1 2 1 0 5 1 4 1 2 0 3 0 1 2 1 2 1 3 2 1 0 1 1 0 0 3 2 2 0 2 1 0 2 2 1 1
 0 0]

упорядоченная: [0, 0, 0, 0, 0, 0, 0, 0, 0, 0, 0, 0, 0, 0, 0, 0, 0, 0, 0, 0, 0, 0, 0, 0, 0, 0, 0, 0, 0, 0, 0, 0, 0, 0, 0, 0, 0, 0, 0, 1, 1, 1, 1, 1, 1, 1, 1, 1, 1, 1, 1, 1, 1, 1, 1, 1, 1, 1, 1, 1, 1, 1, 1, 1, 1, 1, 1, 1, 1, 1, 1, 1, 1, 1, 1, 1, 1, 1, 1, 1, 1, 1, 1, 1, 1, 1, 1, 1, 1, 1, 1, 1, 1, 1, 1, 2, 2, 2, 2, 2, 2, 2, 2, 2, 2, 2, 2, 2, 2, 2, 2, 2, 2, 2, 2, 2, 2, 2, 2, 2, 2, 2, 2, 2, 2, 2, 3, 3, 3, 3, 3, 3, 3, 3, 3, 3, 3, 3, 3, 3, 3, 4, 4, 4, 4, 4, 5, 6, 6, 6]

эмпирическая функция распределения: [0.0, 0.26447726129982396, 0.6162320188285899, 0.8501489325852191, 0.9538520976839915, 0.9883334000793332, 0.9975054265164942, 0.9995385590433982, 1.0]

статистический ряд: {0: (39, 0.26), 1: (56, 0.37333333333333335), 2: (31, 0.20666666666666667), 3: (15, 0.1), 4: (5, 0.03333333333333333), 5: (1, 0.006666666666666667), 6: (3, 0.02)}

среднее: 1.33

дисперсия: 1.33

ассиметрия: 0.86710996952412

эксцесс: 0.7518796992481203

среднее квадратичное отклонение: 1.1532562594670797

медиана: 1.0

мода: 1.0

<==================================================>

binomial

выборка: [3 4 1 2 3 5 4 2 2 1 4 0 1 4 4 3 0 1 3 4 3 4 2 1 3 1 3 2 2 4 3 3 0 3 0 1 2
 2 1 3 5 1 1 1 1 4 5 3 1 0 2 5 0 1 2 2 2 2 1 4 2 1 3 2 3 3 3 2 1 4 3 3 4 1
 3 4 1 0 3 2 2 4 3 3 2 2 4 3 4 5 2 2 5 1 2 2 2 1 2 5 2 4 3 6 2 1 3 4 3 3 5
 2 0 3 3 2 4 1 3 2 5 2 1 4 1 3 3 1 4 2 1 0 1 2 2 6 4 3 4 6 4 6 4 2 2 2 2 1
 1 6]

упорядоченная: [0, 0, 0, 0, 0, 0, 0, 0, 0, 1, 1, 1, 1, 1, 1, 1, 1, 1, 1, 1, 1, 1, 1, 1, 1, 1, 1, 1, 1, 1, 1, 1, 1, 1, 1, 1, 1, 1, 1, 2, 2, 2, 2, 2, 2, 2, 2, 2, 2, 2, 2, 2, 2, 2, 2, 2, 2, 2, 2, 2, 2, 2, 2, 2, 2, 2, 2, 2, 2, 2, 2, 2, 2, 2, 2, 2, 2, 2, 3, 3, 3, 3, 3, 3, 3, 3, 3, 3, 3, 3, 3, 3, 3, 3, 3, 3, 3, 3, 3, 3, 3, 3, 3, 3, 3, 3, 3, 3, 3, 3, 3, 4, 4, 4, 4, 4, 4, 4, 4, 4, 4, 4, 4, 4, 4, 4, 4, 4, 4, 4, 4, 4, 4, 4, 4, 4, 5, 5, 5, 5, 5, 5, 5, 5, 5, 6, 6, 6, 6, 6]

эмпирическая функция распределения: [0.0, 0.0523347633027361, 0.22419954155616562, 0.48624028370799977, 0.7321056714060167, 0.8907040233470213, 0.9651081884551469, 0.9912874317339319, 1.0]

статистический ряд: {0: (9, 0.06), 1: (30, 0.2), 2: (39, 0.26), 3: (33, 0.22), 4: (25, 0.16666666666666666), 5: (9, 0.06), 6: (5, 0.03333333333333333)}

среднее: 2.66

дисперсия: 2.1546000000000003

ассиметрия: 0.4223848783118654

эксцесс: 0.03555184256938637

среднее квадратичное отклонение: 1.4678555787270082

медиана: 3.0

мода: 2.0

<==================================================>

