geometr

выборка: [ 1  3 24  0  2  8  0  7  0 11 10  0  2  9  1  6  1 12  6  2  1  3  0  0
  6  4 16  1  2  1 14  6  0 14  3  0  1 10 13  7 11  2  3  2  1  0  6  1
  5  4  8  3  5  2  2  0 10  4  1  5  0 10  4  5  3  0 17  1  0  0  2  2
 11  1 32  2  2  4  5  0  1  4  7  5  2 11 11  0  2  3  4  7  1 11  0  3
  3  9  1  5  2  9  0  0  0  4  0  5  0  3  5  3  1  0  0  1 10  5  0  0
 15  3 21  1  1  3  1 10  7  4  8  3 10 15  8  3  0 10 34  2 20  4  5  9
  1  8  3 11 10  5]

упорядоченная: [0, 0, 0, 0, 0, 0, 0, 0, 0, 0, 0, 0, 0, 0, 0, 0, 0, 0, 0, 0, 0, 0, 0, 0, 0, 0, 0, 1, 1, 1, 1, 1, 1, 1, 1, 1, 1, 1, 1, 1, 1, 1, 1, 1, 1, 1, 1, 1, 2, 2, 2, 2, 2, 2, 2, 2, 2, 2, 2, 2, 2, 2, 2, 2, 3, 3, 3, 3, 3, 3, 3, 3, 3, 3, 3, 3, 3, 3, 3, 3, 4, 4, 4, 4, 4, 4, 4, 4, 4, 4, 5, 5, 5, 5, 5, 5, 5, 5, 5, 5, 5, 5, 6, 6, 6, 6, 6, 7, 7, 7, 7, 7, 8, 8, 8, 8, 8, 9, 9, 9, 9, 10, 10, 10, 10, 10, 10, 10, 10, 10, 11, 11, 11, 11, 11, 11, 11, 12, 13, 14, 14, 15, 15, 16, 17, 20, 21, 24, 32, 34]

эмпирическая функция распределения: [0.0, 0.18, 0.32, 0.4266666666666667, 0.5333333333333333, 0.6, 0.6799999999999999, 0.7133333333333333, 0.7466666666666666, 0.7799999999999999, 0.8066666666666665, 0.8666666666666665, 0.9133333333333331, 0.9199999999999998, 0.9266666666666665, 0.9399999999999998, 0.9533333333333331, 0.9599999999999999, 0.9666666666666666, 0.9666666666666666, 0.9666666666666666, 0.9733333333333333, 0.98, 0.98, 0.98, 0.9866666666666667, 0.9866666666666667, 0.9866666666666667, 0.9866666666666667, 0.9866666666666667, 0.9866666666666667, 0.9866666666666667, 0.9866666666666667, 0.9933333333333334, 0.9933333333333334, 1.0, 1.0]

статистический ряд: {0: (27, 0.18), 1: (21, 0.14), 2: (16, 0.10666666666666667), 3: (16, 0.10666666666666667), 4: (10, 0.06666666666666667), 5: (12, 0.08), 6: (5, 0.03333333333333333), 7: (5, 0.03333333333333333), 8: (5, 0.03333333333333333), 9: (4, 0.02666666666666667), 10: (9, 0.06), 11: (7, 0.04666666666666667), 12: (1, 0.006666666666666667), 13: (1, 0.006666666666666667), 14: (2, 0.013333333333333334), 15: (2, 0.013333333333333334), 16: (1, 0.006666666666666667), 17: (1, 0.006666666666666667), 20: (1, 0.006666666666666667), 21: (1, 0.006666666666666667), 24: (1, 0.006666666666666667), 32: (1, 0.006666666666666667), 34: (1, 0.006666666666666667)}

теор. среднее: 4.2631578947368425 <=> среднее: 5.04

теор. дисперсия: 22.437673130193907 <=> дисперсия: 33.278400000000005

теор. ассиметрия: 2.011111111111111 <=> ассиметрия: 2.1863654834700568

теор. эксцесс: 6.0445679012345686 <=> эксцесс: 6.5721396274878945

теор. среднее квадратичное отклонение: 4.736842105263158 <=> среднее квадратичное отклонение: 5.76874336402652

теор. медиана: 3.0 <=> медиана: 3.0

теор. мода: 0.0 <=> мода: 0.0

pmf: [0.010000000000000009, 0.013899999999999996, 0.017992333333333346, 0.005692876666666666, 0.01512210323333335, 0.013751096380999986, 0.020328278598056686, 0.01013257233109259, 0.0018740502548516627, 0.001851314039763182, 0.036900435627791814, 0.027956019525178042, 0.00848895751793912, 0.005609388922864022, 0.003389728305813475, 0.005279013261042248, 0.0001426674081108862, 0.0013822272672364844, 0.003858298907794091, 0.00439188878197988, 0.005457756432850836, 0.0064426531596896335, 0.006519691404739035]

ex_pmf [0.18, 0.32, 0.4266666666666667, 0.5333333333333333, 0.6, 0.6799999999999999, 0.7133333333333333, 0.7466666666666666, 0.7799999999999999, 0.8066666666666665, 0.8666666666666665, 0.9133333333333331, 0.9199999999999998, 0.9266666666666665, 0.9399999999999998, 0.9533333333333331, 0.9599999999999999, 0.9666666666666666, 0.9666666666666666, 0.9666666666666666, 0.9733333333333333, 0.98, 0.98, 0.98, 0.9866666666666667, 0.9866666666666667, 0.9866666666666667, 0.9866666666666667, 0.9866666666666667, 0.9866666666666667, 0.9866666666666667, 0.9866666666666667, 0.9933333333333334, 0.9933333333333334, 1.0]

<==================================================>

puasson

выборка: [1 1 1 0 1 3 1 0 1 1 0 0 3 1 1 2 2 1 1 2 3 0 1 0 1 1 2 2 2 0 1 1 1 2 2 3 0
 1 2 1 1 2 0 2 1 1 0 1 1 5 2 0 1 0 0 0 2 0 1 0 1 1 0 1 0 2 0 1 0 1 1 1 0 1
 3 1 3 3 1 1 1 3 0 3 2 0 2 2 5 2 2 1 2 2 2 6 1 1 4 1 0 0 0 1 5 1 0 1 0 1 0
 1 1 0 0 0 2 3 2 2 0 2 1 1 2 2 3 2 0 1 0 2 4 0 4 1 3 0 1 1 3 3 1 1 1 0 0 1
 4 3]

упорядоченная: [0, 0, 0, 0, 0, 0, 0, 0, 0, 0, 0, 0, 0, 0, 0, 0, 0, 0, 0, 0, 0, 0, 0, 0, 0, 0, 0, 0, 0, 0, 0, 0, 0, 0, 0, 0, 0, 0, 0, 1, 1, 1, 1, 1, 1, 1, 1, 1, 1, 1, 1, 1, 1, 1, 1, 1, 1, 1, 1, 1, 1, 1, 1, 1, 1, 1, 1, 1, 1, 1, 1, 1, 1, 1, 1, 1, 1, 1, 1, 1, 1, 1, 1, 1, 1, 1, 1, 1, 1, 1, 1, 1, 1, 1, 1, 1, 1, 2, 2, 2, 2, 2, 2, 2, 2, 2, 2, 2, 2, 2, 2, 2, 2, 2, 2, 2, 2, 2, 2, 2, 2, 2, 2, 2, 2, 2, 2, 3, 3, 3, 3, 3, 3, 3, 3, 3, 3, 3, 3, 3, 3, 3, 4, 4, 4, 4, 5, 5, 5, 6]

эмпирическая функция распределения: [0.0, 0.26, 0.6466666666666667, 0.8466666666666667, 0.9466666666666667, 0.9733333333333333, 0.9933333333333333, 1.0, 1.0]

статистический ряд: {0: (39, 0.26), 1: (58, 0.38666666666666666), 2: (30, 0.2), 3: (15, 0.1), 4: (4, 0.02666666666666667), 5: (3, 0.02), 6: (1, 0.006666666666666667)}

теор. среднее: 1.33 <=> среднее: 1.3333333333333335

теор. дисперсия: 1.33 <=> дисперсия: 1.4755555555555553

теор. ассиметрия: 0.86710996952412 <=> ассиметрия: 1.1497145003438194

теор. эксцесс: 0.7518796992481203 <=> эксцесс: 1.484050660473219

теор. среднее квадратичное отклонение: 1.1532562594670797 <=> среднее квадратичное отклонение: 1.2147244772192398

теор. медиана: 1.0 <=> медиана: 1.0

теор. мода: 1.0 <=> мода: 1.0

pmf: [0.004477261299823954, 0.03491190913790082, 0.033916913756629335, 0.003703165098772346, 0.007814635728675131, 0.010827973562839079, 0.004633534139762663]

ex_pmf [0.26, 0.6466666666666667, 0.8466666666666667, 0.9466666666666667, 0.9733333333333333, 0.9933333333333333, 1.0]

<==================================================>

binomial

выборка: [5 2 0 3 2 1 2 2 2 5 2 4 2 4 4 4 3 3 2 3 2 6 4 2 2 3 3 1 4 3 3 3 3 4 2 5 3
 2 1 7 4 2 6 2 3 1 1 3 0 3 2 3 1 2 6 4 2 3 1 1 3 4 4 3 3 0 3 5 3 1 2 1 0 2
 3 2 2 4 3 2 2 4 2 3 2 3 2 6 3 3 1 2 5 4 3 5 4 0 1 4 3 1 0 2 3 3 4 3 3 2 2
 3 1 6 5 0 3 1 6 2 2 0 1 2 2 4 3 2 3 3 2 1 3 5 3 2 0 3 3 1 2 2 1 1 5 4 4 4
 2 1]

упорядоченная: [0, 0, 0, 0, 0, 0, 0, 0, 0, 1, 1, 1, 1, 1, 1, 1, 1, 1, 1, 1, 1, 1, 1, 1, 1, 1, 1, 1, 1, 1, 2, 2, 2, 2, 2, 2, 2, 2, 2, 2, 2, 2, 2, 2, 2, 2, 2, 2, 2, 2, 2, 2, 2, 2, 2, 2, 2, 2, 2, 2, 2, 2, 2, 2, 2, 2, 2, 2, 2, 2, 2, 3, 3, 3, 3, 3, 3, 3, 3, 3, 3, 3, 3, 3, 3, 3, 3, 3, 3, 3, 3, 3, 3, 3, 3, 3, 3, 3, 3, 3, 3, 3, 3, 3, 3, 3, 3, 3, 3, 3, 3, 3, 3, 4, 4, 4, 4, 4, 4, 4, 4, 4, 4, 4, 4, 4, 4, 4, 4, 4, 4, 4, 4, 4, 5, 5, 5, 5, 5, 5, 5, 5, 5, 6, 6, 6, 6, 6, 6, 7]

эмпирическая функция распределения: [0.06, 0.2, 0.47333333333333333, 0.7533333333333334, 0.8933333333333334, 0.9533333333333334, 0.9933333333333334, 1.0]

статистический ряд: {0: (9, 0.06), 1: (21, 0.14), 2: (41, 0.2733333333333333), 3: (42, 0.28), 4: (21, 0.14), 5: (9, 0.06), 6: (6, 0.04), 7: (1, 0.006666666666666667)}

теор. среднее: 2.66 <=> среднее: 2.673333333333334

теор. дисперсия: 2.1546000000000003 <=> дисперсия: 2.1132888888888894

теор. ассиметрия: 0.4223848783118654 <=> ассиметрия: 0.3968643952115937

теор. эксцесс: 0.03555184256938637 <=> эксцесс: 0.05613148682863578

теор. среднее квадратичное отклонение: 1.4678555787270082 <=> среднее квадратичное отклонение: 1.453715546071132

теор. медиана: 3.0 <=> медиана: 3.0

теор. мода: 3.0 <=> мода: 3.0

pmf: [0.007665236697263926, 0.03186477825343015, 0.011292591181498113, 0.03413461230198264, 0.018598351941004787, 0.01440416510812588, 0.013820756721215004, 0.0003514020782633591]

ex_pmf [0.06, 0.2, 0.47333333333333333, 0.7533333333333334, 0.8933333333333334, 0.9533333333333334, 0.9933333333333334, 1.0]

<==================================================>

